2 100 -20 20 1111
-1.0000 -1.0000 -2.00000000
-1.0000 -0.8000 -1.20000000
-1.0000 -0.6000 -0.40000000
-1.0000 -0.4000 0.40000000
-1.0000 -0.2000 1.20000000
-1.0000 0.0000 2.00000000
-1.0000 0.2000 2.80000000
-1.0000 0.4000 3.60000000
-1.0000 0.6000 4.40000000
-1.0000 0.8000 5.20000000
-1.0000 1.0000 6.00000000
-0.9800 -1.0000 -2.09960000
-0.9800 -0.8000 -1.28760000
-0.9800 -0.6000 -0.47560000
-0.9800 -0.4000 0.33640000
-0.9800 -0.2000 1.14840000
-0.9800 0.0000 1.96040000
-0.9800 0.2000 2.77240000
-0.9800 0.4000 3.58440000
-0.9800 0.6000 4.39640000
-0.9800 0.8000 5.20840000
-0.9800 1.0000 6.02040000
-0.9600 -1.0000 -2.19840000
-0.9600 -0.8000 -1.37440000
-0.9600 -0.6000 -0.55040000
-0.9600 -0.4000 0.27360000
-0.9600 -0.2000 1.09760000
-0.9600 0.0000 1.92160000
-0.9600 0.2000 2.74560000
-0.9600 0.4000 3.56960000
-0.9600 0.6000 4.39360000
-0.9600 0.8000 5.21760000
-0.9600 1.0000 6.04160000
-0.9400 -1.0000 -2.29640000
-0.9400 -0.8000 -1.46040000
-0.9400 -0.6000 -0.62440000
-0.9400 -0.4000 0.21160000
-0.9400 -0.2000 1.04760000
-0.9400 0.0000 1.88360000
-0.9400 0.2000 2.71960000
-0.9400 0.4000 3.55560000
-0.9400 0.6000 4.39160000
-0.9400 0.8000 5.22760000
-0.9400 1.0000 6.06360000
-0.9200 -1.0000 -2.39360000
-0.9200 -0.8000 -1.54560000
-0.9200 -0.6000 -0.69760000
-0.9200 -0.4000 0.15040000
-0.9200 -0.2000 0.99840000
-0.9200 0.0000 1.84640000
-0.9200 0.2000 2.69440000
-0.9200 0.4000 3.54240000
-0.9200 0.6000 4.39040000
-0.9200 0.8000 5.23840000
-0.9200 1.0000 6.08640000
-0.9000 -1.0000 -2.49000000
-0.9000 -0.8000 -1.63000000
-0.9000 -0.6000 -0.77000000
-0.9000 -0.4000 0.09000000
-0.9000 -0.2000 0.95000000
-0.9000 0.0000 1.81000000
-0.9000 0.2000 2.67000000
-0.9000 0.4000 3.53000000
-0.9000 0.6000 4.39000000
-0.9000 0.8000 5.25000000
-0.9000 1.0000 6.11000000
-0.8800 -1.0000 -2.58560000
-0.8800 -0.8000 -1.71360000
-0.8800 -0.6000 -0.84160000
-0.8800 -0.4000 0.03040000
-0.8800 -0.2000 0.90240000
-0.8800 0.0000 1.77440000
-0.8800 0.2000 2.64640000
-0.8800 0.4000 3.51840000
-0.8800 0.6000 4.39040000
-0.8800 0.8000 5.26240000
-0.8800 1.0000 6.13440000
-0.8600 -1.0000 -2.68040000
-0.8600 -0.8000 -1.79640000
-0.8600 -0.6000 -0.91240000
-0.8600 -0.4000 -0.02840000
-0.8600 -0.2000 0.85560000
-0.8600 0.0000 1.73960000
-0.8600 0.2000 2.62360000
-0.8600 0.4000 3.50760000
-0.8600 0.6000 4.39160000
-0.8600 0.8000 5.27560000
-0.8600 1.0000 6.15960000
-0.8400 -1.0000 -2.77440000
-0.8400 -0.8000 -1.87840000
-0.8400 -0.6000 -0.98240000
-0.8400 -0.4000 -0.08640000
-0.8400 -0.2000 0.80960000
-0.8400 0.0000 1.70560000
-0.8400 0.2000 2.60160000
-0.8400 0.4000 3.49760000
-0.8400 0.6000 4.39360000
-0.8400 0.8000 5.28960000
-0.8400 1.0000 6.18560000
-0.8200 -1.0000 -2.86760000
-0.8200 -0.8000 -1.95960000
-0.8200 -0.6000 -1.05160000
-0.8200 -0.4000 -0.14360000
-0.8200 -0.2000 0.76440000
-0.8200 0.0000 1.67240000
-0.8200 0.2000 2.58040000
-0.8200 0.4000 3.48840000
-0.8200 0.6000 4.39640000
-0.8200 0.8000 5.30440000
-0.8200 1.0000 6.21240000
-0.8000 -1.0000 -2.96000000
-0.8000 -0.8000 -2.04000000
-0.8000 -0.6000 -1.12000000
-0.8000 -0.4000 -0.20000000
-0.8000 -0.2000 0.72000000
-0.8000 0.0000 1.64000000
-0.8000 0.2000 2.56000000
-0.8000 0.4000 3.48000000
-0.8000 0.6000 4.40000000
-0.8000 0.8000 5.32000000
-0.8000 1.0000 6.24000000
-0.7800 -1.0000 -3.05160000
-0.7800 -0.8000 -2.11960000
-0.7800 -0.6000 -1.18760000
-0.7800 -0.4000 -0.25560000
-0.7800 -0.2000 0.67640000
-0.7800 0.0000 1.60840000
-0.7800 0.2000 2.54040000
-0.7800 0.4000 3.47240000
-0.7800 0.6000 4.40440000
-0.7800 0.8000 5.33640000
-0.7800 1.0000 6.26840000
-0.7600 -1.0000 -3.14240000
-0.7600 -0.8000 -2.19840000
-0.7600 -0.6000 -1.25440000
-0.7600 -0.4000 -0.31040000
-0.7600 -0.2000 0.63360000
-0.7600 0.0000 1.57760000
-0.7600 0.2000 2.52160000
-0.7600 0.4000 3.46560000
-0.7600 0.6000 4.40960000
-0.7600 0.8000 5.35360000
-0.7600 1.0000 6.29760000
-0.7400 -1.0000 -3.23240000
-0.7400 -0.8000 -2.27640000
-0.7400 -0.6000 -1.32040000
-0.7400 -0.4000 -0.36440000
-0.7400 -0.2000 0.59160000
-0.7400 0.0000 1.54760000
-0.7400 0.2000 2.50360000
-0.7400 0.4000 3.45960000
-0.7400 0.6000 4.41560000
-0.7400 0.8000 5.37160000
-0.7400 1.0000 6.32760000
-0.7200 -1.0000 -3.32160000
-0.7200 -0.8000 -2.35360000
-0.7200 -0.6000 -1.38560000
-0.7200 -0.4000 -0.41760000
-0.7200 -0.2000 0.55040000
-0.7200 0.0000 1.51840000
-0.7200 0.2000 2.48640000
-0.7200 0.4000 3.45440000
-0.7200 0.6000 4.42240000
-0.7200 0.8000 5.39040000
-0.7200 1.0000 6.35840000
-0.7000 -1.0000 -3.41000000
-0.7000 -0.8000 -2.43000000
-0.7000 -0.6000 -1.45000000
-0.7000 -0.4000 -0.47000000
-0.7000 -0.2000 0.51000000
-0.7000 0.0000 1.49000000
-0.7000 0.2000 2.47000000
-0.7000 0.4000 3.45000000
-0.7000 0.6000 4.43000000
-0.7000 0.8000 5.41000000
-0.7000 1.0000 6.39000000
-0.6800 -1.0000 -3.49760000
-0.6800 -0.8000 -2.50560000
-0.6800 -0.6000 -1.51360000
-0.6800 -0.4000 -0.52160000
-0.6800 -0.2000 0.47040000
-0.6800 0.0000 1.46240000
-0.6800 0.2000 2.45440000
-0.6800 0.4000 3.44640000
-0.6800 0.6000 4.43840000
-0.6800 0.8000 5.43040000
-0.6800 1.0000 6.42240000
-0.6600 -1.0000 -3.58440000
-0.6600 -0.8000 -2.58040000
-0.6600 -0.6000 -1.57640000
-0.6600 -0.4000 -0.57240000
-0.6600 -0.2000 0.43160000
-0.6600 0.0000 1.43560000
-0.6600 0.2000 2.43960000
-0.6600 0.4000 3.44360000
-0.6600 0.6000 4.44760000
-0.6600 0.8000 5.45160000
-0.6600 1.0000 6.45560000
-0.6400 -1.0000 -3.67040000
-0.6400 -0.8000 -2.65440000
-0.6400 -0.6000 -1.63840000
-0.6400 -0.4000 -0.62240000
-0.6400 -0.2000 0.39360000
-0.6400 0.0000 1.40960000
-0.6400 0.2000 2.42560000
-0.6400 0.4000 3.44160000
-0.6400 0.6000 4.45760000
-0.6400 0.8000 5.47360000
-0.6400 1.0000 6.48960000
-0.6200 -1.0000 -3.75560000
-0.6200 -0.8000 -2.72760000
-0.6200 -0.6000 -1.69960000
-0.6200 -0.4000 -0.67160000
-0.6200 -0.2000 0.35640000
-0.6200 0.0000 1.38440000
-0.6200 0.2000 2.41240000
-0.6200 0.4000 3.44040000
-0.6200 0.6000 4.46840000
-0.6200 0.8000 5.49640000
-0.6200 1.0000 6.52440000
-0.6000 -1.0000 -3.84000000
-0.6000 -0.8000 -2.80000000
-0.6000 -0.6000 -1.76000000
-0.6000 -0.4000 -0.72000000
-0.6000 -0.2000 0.32000000
-0.6000 0.0000 1.36000000
-0.6000 0.2000 2.40000000
-0.6000 0.4000 3.44000000
-0.6000 0.6000 4.48000000
-0.6000 0.8000 5.52000000
-0.6000 1.0000 6.56000000
-0.5800 -1.0000 -3.92360000
-0.5800 -0.8000 -2.87160000
-0.5800 -0.6000 -1.81960000
-0.5800 -0.4000 -0.76760000
-0.5800 -0.2000 0.28440000
-0.5800 0.0000 1.33640000
-0.5800 0.2000 2.38840000
-0.5800 0.4000 3.44040000
-0.5800 0.6000 4.49240000
-0.5800 0.8000 5.54440000
-0.5800 1.0000 6.59640000
-0.5600 -1.0000 -4.00640000
-0.5600 -0.8000 -2.94240000
-0.5600 -0.6000 -1.87840000
-0.5600 -0.4000 -0.81440000
-0.5600 -0.2000 0.24960000
-0.5600 0.0000 1.31360000
-0.5600 0.2000 2.37760000
-0.5600 0.4000 3.44160000
-0.5600 0.6000 4.50560000
-0.5600 0.8000 5.56960000
-0.5600 1.0000 6.63360000
-0.5400 -1.0000 -4.08840000
-0.5400 -0.8000 -3.01240000
-0.5400 -0.6000 -1.93640000
-0.5400 -0.4000 -0.86040000
-0.5400 -0.2000 0.21560000
-0.5400 0.0000 1.29160000
-0.5400 0.2000 2.36760000
-0.5400 0.4000 3.44360000
-0.5400 0.6000 4.51960000
-0.5400 0.8000 5.59560000
-0.5400 1.0000 6.67160000
-0.5200 -1.0000 -4.16960000
-0.5200 -0.8000 -3.08160000
-0.5200 -0.6000 -1.99360000
-0.5200 -0.4000 -0.90560000
-0.5200 -0.2000 0.18240000
-0.5200 0.0000 1.27040000
-0.5200 0.2000 2.35840000
-0.5200 0.4000 3.44640000
-0.5200 0.6000 4.53440000
-0.5200 0.8000 5.62240000
-0.5200 1.0000 6.71040000
-0.5000 -1.0000 -4.25000000
-0.5000 -0.8000 -3.15000000
-0.5000 -0.6000 -2.05000000
-0.5000 -0.4000 -0.95000000
-0.5000 -0.2000 0.15000000
-0.5000 0.0000 1.25000000
-0.5000 0.2000 2.35000000
-0.5000 0.4000 3.45000000
-0.5000 0.6000 4.55000000
-0.5000 0.8000 5.65000000
-0.5000 1.0000 6.75000000
-0.4800 -1.0000 -4.32960000
-0.4800 -0.8000 -3.21760000
-0.4800 -0.6000 -2.10560000
-0.4800 -0.4000 -0.99360000
-0.4800 -0.2000 0.11840000
-0.4800 0.0000 1.23040000
-0.4800 0.2000 2.34240000
-0.4800 0.4000 3.45440000
-0.4800 0.6000 4.56640000
-0.4800 0.8000 5.67840000
-0.4800 1.0000 6.79040000
-0.4600 -1.0000 -4.40840000
-0.4600 -0.8000 -3.28440000
-0.4600 -0.6000 -2.16040000
-0.4600 -0.4000 -1.03640000
-0.4600 -0.2000 0.08760000
-0.4600 0.0000 1.21160000
-0.4600 0.2000 2.33560000
-0.4600 0.4000 3.45960000
-0.4600 0.6000 4.58360000
-0.4600 0.8000 5.70760000
-0.4600 1.0000 6.83160000
-0.4400 -1.0000 -4.48640000
-0.4400 -0.8000 -3.35040000
-0.4400 -0.6000 -2.21440000
-0.4400 -0.4000 -1.07840000
-0.4400 -0.2000 0.05760000
-0.4400 0.0000 1.19360000
-0.4400 0.2000 2.32960000
-0.4400 0.4000 3.46560000
-0.4400 0.6000 4.60160000
-0.4400 0.8000 5.73760000
-0.4400 1.0000 6.87360000
-0.4200 -1.0000 -4.56360000
-0.4200 -0.8000 -3.41560000
-0.4200 -0.6000 -2.26760000
-0.4200 -0.4000 -1.11960000
-0.4200 -0.2000 0.02840000
-0.4200 0.0000 1.17640000
-0.4200 0.2000 2.32440000
-0.4200 0.4000 3.47240000
-0.4200 0.6000 4.62040000
-0.4200 0.8000 5.76840000
-0.4200 1.0000 6.91640000
-0.4000 -1.0000 -4.64000000
-0.4000 -0.8000 -3.48000000
-0.4000 -0.6000 -2.32000000
-0.4000 -0.4000 -1.16000000
-0.4000 -0.2000 0E-8
-0.4000 0.0000 1.16000000
-0.4000 0.2000 2.32000000
-0.4000 0.4000 3.48000000
-0.4000 0.6000 4.64000000
-0.4000 0.8000 5.80000000
-0.4000 1.0000 6.96000000
-0.3800 -1.0000 -4.71560000
-0.3800 -0.8000 -3.54360000
-0.3800 -0.6000 -2.37160000
-0.3800 -0.4000 -1.19960000
-0.3800 -0.2000 -0.02760000
-0.3800 0.0000 1.14440000
-0.3800 0.2000 2.31640000
-0.3800 0.4000 3.48840000
-0.3800 0.6000 4.66040000
-0.3800 0.8000 5.83240000
-0.3800 1.0000 7.00440000
-0.3600 -1.0000 -4.79040000
-0.3600 -0.8000 -3.60640000
-0.3600 -0.6000 -2.42240000
-0.3600 -0.4000 -1.23840000
-0.3600 -0.2000 -0.05440000
-0.3600 0.0000 1.12960000
-0.3600 0.2000 2.31360000
-0.3600 0.4000 3.49760000
-0.3600 0.6000 4.68160000
-0.3600 0.8000 5.86560000
-0.3600 1.0000 7.04960000
-0.3400 -1.0000 -4.86440000
-0.3400 -0.8000 -3.66840000
-0.3400 -0.6000 -2.47240000
-0.3400 -0.4000 -1.27640000
-0.3400 -0.2000 -0.08040000
-0.3400 0.0000 1.11560000
-0.3400 0.2000 2.31160000
-0.3400 0.4000 3.50760000
-0.3400 0.6000 4.70360000
-0.3400 0.8000 5.89960000
-0.3400 1.0000 7.09560000
-0.3200 -1.0000 -4.93760000
-0.3200 -0.8000 -3.72960000
-0.3200 -0.6000 -2.52160000
-0.3200 -0.4000 -1.31360000
-0.3200 -0.2000 -0.10560000
-0.3200 0.0000 1.10240000
-0.3200 0.2000 2.31040000
-0.3200 0.4000 3.51840000
-0.3200 0.6000 4.72640000
-0.3200 0.8000 5.93440000
-0.3200 1.0000 7.14240000
-0.3000 -1.0000 -5.01000000
-0.3000 -0.8000 -3.79000000
-0.3000 -0.6000 -2.57000000
-0.3000 -0.4000 -1.35000000
-0.3000 -0.2000 -0.13000000
-0.3000 0.0000 1.09000000
-0.3000 0.2000 2.31000000
-0.3000 0.4000 3.53000000
-0.3000 0.6000 4.75000000
-0.3000 0.8000 5.97000000
-0.3000 1.0000 7.19000000
-0.2800 -1.0000 -5.08160000
-0.2800 -0.8000 -3.84960000
-0.2800 -0.6000 -2.61760000
-0.2800 -0.4000 -1.38560000
-0.2800 -0.2000 -0.15360000
-0.2800 0.0000 1.07840000
-0.2800 0.2000 2.31040000
-0.2800 0.4000 3.54240000
-0.2800 0.6000 4.77440000
-0.2800 0.8000 6.00640000
-0.2800 1.0000 7.23840000
-0.2600 -1.0000 -5.15240000
-0.2600 -0.8000 -3.90840000
-0.2600 -0.6000 -2.66440000
-0.2600 -0.4000 -1.42040000
-0.2600 -0.2000 -0.17640000
-0.2600 0.0000 1.06760000
-0.2600 0.2000 2.31160000
-0.2600 0.4000 3.55560000
-0.2600 0.6000 4.79960000
-0.2600 0.8000 6.04360000
-0.2600 1.0000 7.28760000
-0.2400 -1.0000 -5.22240000
-0.2400 -0.8000 -3.96640000
-0.2400 -0.6000 -2.71040000
-0.2400 -0.4000 -1.45440000
-0.2400 -0.2000 -0.19840000
-0.2400 0.0000 1.05760000
-0.2400 0.2000 2.31360000
-0.2400 0.4000 3.56960000
-0.2400 0.6000 4.82560000
-0.2400 0.8000 6.08160000
-0.2400 1.0000 7.33760000
-0.2200 -1.0000 -5.29160000
-0.2200 -0.8000 -4.02360000
-0.2200 -0.6000 -2.75560000
-0.2200 -0.4000 -1.48760000
-0.2200 -0.2000 -0.21960000
-0.2200 0.0000 1.04840000
-0.2200 0.2000 2.31640000
-0.2200 0.4000 3.58440000
-0.2200 0.6000 4.85240000
-0.2200 0.8000 6.12040000
-0.2200 1.0000 7.38840000
-0.2000 -1.0000 -5.36000000
-0.2000 -0.8000 -4.08000000
-0.2000 -0.6000 -2.80000000
-0.2000 -0.4000 -1.52000000
-0.2000 -0.2000 -0.24000000
-0.2000 0.0000 1.04000000
-0.2000 0.2000 2.32000000
-0.2000 0.4000 3.60000000
-0.2000 0.6000 4.88000000
-0.2000 0.8000 6.16000000
-0.2000 1.0000 7.44000000
-0.1800 -1.0000 -5.42760000
-0.1800 -0.8000 -4.13560000
-0.1800 -0.6000 -2.84360000
-0.1800 -0.4000 -1.55160000
-0.1800 -0.2000 -0.25960000
-0.1800 0.0000 1.03240000
-0.1800 0.2000 2.32440000
-0.1800 0.4000 3.61640000
-0.1800 0.6000 4.90840000
-0.1800 0.8000 6.20040000
-0.1800 1.0000 7.49240000
-0.1600 -1.0000 -5.49440000
-0.1600 -0.8000 -4.19040000
-0.1600 -0.6000 -2.88640000
-0.1600 -0.4000 -1.58240000
-0.1600 -0.2000 -0.27840000
-0.1600 0.0000 1.02560000
-0.1600 0.2000 2.32960000
-0.1600 0.4000 3.63360000
-0.1600 0.6000 4.93760000
-0.1600 0.8000 6.24160000
-0.1600 1.0000 7.54560000
-0.1400 -1.0000 -5.56040000
-0.1400 -0.8000 -4.24440000
-0.1400 -0.6000 -2.92840000
-0.1400 -0.4000 -1.61240000
-0.1400 -0.2000 -0.29640000
-0.1400 0.0000 1.01960000
-0.1400 0.2000 2.33560000
-0.1400 0.4000 3.65160000
-0.1400 0.6000 4.96760000
-0.1400 0.8000 6.28360000
-0.1400 1.0000 7.59960000
-0.1200 -1.0000 -5.62560000
-0.1200 -0.8000 -4.29760000
-0.1200 -0.6000 -2.96960000
-0.1200 -0.4000 -1.64160000
-0.1200 -0.2000 -0.31360000
-0.1200 0.0000 1.01440000
-0.1200 0.2000 2.34240000
-0.1200 0.4000 3.67040000
-0.1200 0.6000 4.99840000
-0.1200 0.8000 6.32640000
-0.1200 1.0000 7.65440000
-0.1000 -1.0000 -5.69000000
-0.1000 -0.8000 -4.35000000
-0.1000 -0.6000 -3.01000000
-0.1000 -0.4000 -1.67000000
-0.1000 -0.2000 -0.33000000
-0.1000 0.0000 1.01000000
-0.1000 0.2000 2.35000000
-0.1000 0.4000 3.69000000
-0.1000 0.6000 5.03000000
-0.1000 0.8000 6.37000000
-0.1000 1.0000 7.71000000
-0.0800 -1.0000 -5.75360000
-0.0800 -0.8000 -4.40160000
-0.0800 -0.6000 -3.04960000
-0.0800 -0.4000 -1.69760000
-0.0800 -0.2000 -0.34560000
-0.0800 0.0000 1.00640000
-0.0800 0.2000 2.35840000
-0.0800 0.4000 3.71040000
-0.0800 0.6000 5.06240000
-0.0800 0.8000 6.41440000
-0.0800 1.0000 7.76640000
-0.0600 -1.0000 -5.81640000
-0.0600 -0.8000 -4.45240000
-0.0600 -0.6000 -3.08840000
-0.0600 -0.4000 -1.72440000
-0.0600 -0.2000 -0.36040000
-0.0600 0.0000 1.00360000
-0.0600 0.2000 2.36760000
-0.0600 0.4000 3.73160000
-0.0600 0.6000 5.09560000
-0.0600 0.8000 6.45960000
-0.0600 1.0000 7.82360000
-0.0400 -1.0000 -5.87840000
-0.0400 -0.8000 -4.50240000
-0.0400 -0.6000 -3.12640000
-0.0400 -0.4000 -1.75040000
-0.0400 -0.2000 -0.37440000
-0.0400 0.0000 1.00160000
-0.0400 0.2000 2.37760000
-0.0400 0.4000 3.75360000
-0.0400 0.6000 5.12960000
-0.0400 0.8000 6.50560000
-0.0400 1.0000 7.88160000
-0.0200 -1.0000 -5.93960000
-0.0200 -0.8000 -4.55160000
-0.0200 -0.6000 -3.16360000
-0.0200 -0.4000 -1.77560000
-0.0200 -0.2000 -0.38760000
-0.0200 0.0000 1.00040000
-0.0200 0.2000 2.38840000
-0.0200 0.4000 3.77640000
-0.0200 0.6000 5.16440000
-0.0200 0.8000 6.55240000
-0.0200 1.0000 7.94040000
0.0000 -1.0000 -6.00000000
0.0000 -0.8000 -4.60000000
0.0000 -0.6000 -3.20000000
0.0000 -0.4000 -1.80000000
0.0000 -0.2000 -0.40000000
0.0000 0.0000 1.00000000
0.0000 0.2000 2.40000000
0.0000 0.4000 3.80000000
0.0000 0.6000 5.20000000
0.0000 0.8000 6.60000000
0.0000 1.0000 8.00000000
0.0200 -1.0000 -6.05960000
0.0200 -0.8000 -4.64760000
0.0200 -0.6000 -3.23560000
0.0200 -0.4000 -1.82360000
0.0200 -0.2000 -0.41160000
0.0200 0.0000 1.00040000
0.0200 0.2000 2.41240000
0.0200 0.4000 3.82440000
0.0200 0.6000 5.23640000
0.0200 0.8000 6.64840000
0.0200 1.0000 8.06040000
0.0400 -1.0000 -6.11840000
0.0400 -0.8000 -4.69440000
0.0400 -0.6000 -3.27040000
0.0400 -0.4000 -1.84640000
0.0400 -0.2000 -0.42240000
0.0400 0.0000 1.00160000
0.0400 0.2000 2.42560000
0.0400 0.4000 3.84960000
0.0400 0.6000 5.27360000
0.0400 0.8000 6.69760000
0.0400 1.0000 8.12160000
0.0600 -1.0000 -6.17640000
0.0600 -0.8000 -4.74040000
0.0600 -0.6000 -3.30440000
0.0600 -0.4000 -1.86840000
0.0600 -0.2000 -0.43240000
0.0600 0.0000 1.00360000
0.0600 0.2000 2.43960000
0.0600 0.4000 3.87560000
0.0600 0.6000 5.31160000
0.0600 0.8000 6.74760000
0.0600 1.0000 8.18360000
0.0800 -1.0000 -6.23360000
0.0800 -0.8000 -4.78560000
0.0800 -0.6000 -3.33760000
0.0800 -0.4000 -1.88960000
0.0800 -0.2000 -0.44160000
0.0800 0.0000 1.00640000
0.0800 0.2000 2.45440000
0.0800 0.4000 3.90240000
0.0800 0.6000 5.35040000
0.0800 0.8000 6.79840000
0.0800 1.0000 8.24640000
0.1000 -1.0000 -6.29000000
0.1000 -0.8000 -4.83000000
0.1000 -0.6000 -3.37000000
0.1000 -0.4000 -1.91000000
0.1000 -0.2000 -0.45000000
0.1000 0.0000 1.01000000
0.1000 0.2000 2.47000000
0.1000 0.4000 3.93000000
0.1000 0.6000 5.39000000
0.1000 0.8000 6.85000000
0.1000 1.0000 8.31000000
0.1200 -1.0000 -6.34560000
0.1200 -0.8000 -4.87360000
0.1200 -0.6000 -3.40160000
0.1200 -0.4000 -1.92960000
0.1200 -0.2000 -0.45760000
0.1200 0.0000 1.01440000
0.1200 0.2000 2.48640000
0.1200 0.4000 3.95840000
0.1200 0.6000 5.43040000
0.1200 0.8000 6.90240000
0.1200 1.0000 8.37440000
0.1400 -1.0000 -6.40040000
0.1400 -0.8000 -4.91640000
0.1400 -0.6000 -3.43240000
0.1400 -0.4000 -1.94840000
0.1400 -0.2000 -0.46440000
0.1400 0.0000 1.01960000
0.1400 0.2000 2.50360000
0.1400 0.4000 3.98760000
0.1400 0.6000 5.47160000
0.1400 0.8000 6.95560000
0.1400 1.0000 8.43960000
0.1600 -1.0000 -6.45440000
0.1600 -0.8000 -4.95840000
0.1600 -0.6000 -3.46240000
0.1600 -0.4000 -1.96640000
0.1600 -0.2000 -0.47040000
0.1600 0.0000 1.02560000
0.1600 0.2000 2.52160000
0.1600 0.4000 4.01760000
0.1600 0.6000 5.51360000
0.1600 0.8000 7.00960000
0.1600 1.0000 8.50560000
0.1800 -1.0000 -6.50760000
0.1800 -0.8000 -4.99960000
0.1800 -0.6000 -3.49160000
0.1800 -0.4000 -1.98360000
0.1800 -0.2000 -0.47560000
0.1800 0.0000 1.03240000
0.1800 0.2000 2.54040000
0.1800 0.4000 4.04840000
0.1800 0.6000 5.55640000
0.1800 0.8000 7.06440000
0.1800 1.0000 8.57240000
0.2000 -1.0000 -6.56000000
0.2000 -0.8000 -5.04000000
0.2000 -0.6000 -3.52000000
0.2000 -0.4000 -2.00000000
0.2000 -0.2000 -0.48000000
0.2000 0.0000 1.04000000
0.2000 0.2000 2.56000000
0.2000 0.4000 4.08000000
0.2000 0.6000 5.60000000
0.2000 0.8000 7.12000000
0.2000 1.0000 8.64000000
0.2200 -1.0000 -6.61160000
0.2200 -0.8000 -5.07960000
0.2200 -0.6000 -3.54760000
0.2200 -0.4000 -2.01560000
0.2200 -0.2000 -0.48360000
0.2200 0.0000 1.04840000
0.2200 0.2000 2.58040000
0.2200 0.4000 4.11240000
0.2200 0.6000 5.64440000
0.2200 0.8000 7.17640000
0.2200 1.0000 8.70840000
0.2400 -1.0000 -6.66240000
0.2400 -0.8000 -5.11840000
0.2400 -0.6000 -3.57440000
0.2400 -0.4000 -2.03040000
0.2400 -0.2000 -0.48640000
0.2400 0.0000 1.05760000
0.2400 0.2000 2.60160000
0.2400 0.4000 4.14560000
0.2400 0.6000 5.68960000
0.2400 0.8000 7.23360000
0.2400 1.0000 8.77760000
0.2600 -1.0000 -6.71240000
0.2600 -0.8000 -5.15640000
0.2600 -0.6000 -3.60040000
0.2600 -0.4000 -2.04440000
0.2600 -0.2000 -0.48840000
0.2600 0.0000 1.06760000
0.2600 0.2000 2.62360000
0.2600 0.4000 4.17960000
0.2600 0.6000 5.73560000
0.2600 0.8000 7.29160000
0.2600 1.0000 8.84760000
0.2800 -1.0000 -6.76160000
0.2800 -0.8000 -5.19360000
0.2800 -0.6000 -3.62560000
0.2800 -0.4000 -2.05760000
0.2800 -0.2000 -0.48960000
0.2800 0.0000 1.07840000
0.2800 0.2000 2.64640000
0.2800 0.4000 4.21440000
0.2800 0.6000 5.78240000
0.2800 0.8000 7.35040000
0.2800 1.0000 8.91840000
0.3000 -1.0000 -6.81000000
0.3000 -0.8000 -5.23000000
0.3000 -0.6000 -3.65000000
0.3000 -0.4000 -2.07000000
0.3000 -0.2000 -0.49000000
0.3000 0.0000 1.09000000
0.3000 0.2000 2.67000000
0.3000 0.4000 4.25000000
0.3000 0.6000 5.83000000
0.3000 0.8000 7.41000000
0.3000 1.0000 8.99000000
0.3200 -1.0000 -6.85760000
0.3200 -0.8000 -5.26560000
0.3200 -0.6000 -3.67360000
0.3200 -0.4000 -2.08160000
0.3200 -0.2000 -0.48960000
0.3200 0.0000 1.10240000
0.3200 0.2000 2.69440000
0.3200 0.4000 4.28640000
0.3200 0.6000 5.87840000
0.3200 0.8000 7.47040000
0.3200 1.0000 9.06240000
0.3400 -1.0000 -6.90440000
0.3400 -0.8000 -5.30040000
0.3400 -0.6000 -3.69640000
0.3400 -0.4000 -2.09240000
0.3400 -0.2000 -0.48840000
0.3400 0.0000 1.11560000
0.3400 0.2000 2.71960000
0.3400 0.4000 4.32360000
0.3400 0.6000 5.92760000
0.3400 0.8000 7.53160000
0.3400 1.0000 9.13560000
0.3600 -1.0000 -6.95040000
0.3600 -0.8000 -5.33440000
0.3600 -0.6000 -3.71840000
0.3600 -0.4000 -2.10240000
0.3600 -0.2000 -0.48640000
0.3600 0.0000 1.12960000
0.3600 0.2000 2.74560000
0.3600 0.4000 4.36160000
0.3600 0.6000 5.97760000
0.3600 0.8000 7.59360000
0.3600 1.0000 9.20960000
0.3800 -1.0000 -6.99560000
0.3800 -0.8000 -5.36760000
0.3800 -0.6000 -3.73960000
0.3800 -0.4000 -2.11160000
0.3800 -0.2000 -0.48360000
0.3800 0.0000 1.14440000
0.3800 0.2000 2.77240000
0.3800 0.4000 4.40040000
0.3800 0.6000 6.02840000
0.3800 0.8000 7.65640000
0.3800 1.0000 9.28440000
0.4000 -1.0000 -7.04000000
0.4000 -0.8000 -5.40000000
0.4000 -0.6000 -3.76000000
0.4000 -0.4000 -2.12000000
0.4000 -0.2000 -0.48000000
0.4000 0.0000 1.16000000
0.4000 0.2000 2.80000000
0.4000 0.4000 4.44000000
0.4000 0.6000 6.08000000
0.4000 0.8000 7.72000000
0.4000 1.0000 9.36000000
0.4200 -1.0000 -7.08360000
0.4200 -0.8000 -5.43160000
0.4200 -0.6000 -3.77960000
0.4200 -0.4000 -2.12760000
0.4200 -0.2000 -0.47560000
0.4200 0.0000 1.17640000
0.4200 0.2000 2.82840000
0.4200 0.4000 4.48040000
0.4200 0.6000 6.13240000
0.4200 0.8000 7.78440000
0.4200 1.0000 9.43640000
0.4400 -1.0000 -7.12640000
0.4400 -0.8000 -5.46240000
0.4400 -0.6000 -3.79840000
0.4400 -0.4000 -2.13440000
0.4400 -0.2000 -0.47040000
0.4400 0.0000 1.19360000
0.4400 0.2000 2.85760000
0.4400 0.4000 4.52160000
0.4400 0.6000 6.18560000
0.4400 0.8000 7.84960000
0.4400 1.0000 9.51360000
0.4600 -1.0000 -7.16840000
0.4600 -0.8000 -5.49240000
0.4600 -0.6000 -3.81640000
0.4600 -0.4000 -2.14040000
0.4600 -0.2000 -0.46440000
0.4600 0.0000 1.21160000
0.4600 0.2000 2.88760000
0.4600 0.4000 4.56360000
0.4600 0.6000 6.23960000
0.4600 0.8000 7.91560000
0.4600 1.0000 9.59160000
0.4800 -1.0000 -7.20960000
0.4800 -0.8000 -5.52160000
0.4800 -0.6000 -3.83360000
0.4800 -0.4000 -2.14560000
0.4800 -0.2000 -0.45760000
0.4800 0.0000 1.23040000
0.4800 0.2000 2.91840000
0.4800 0.4000 4.60640000
0.4800 0.6000 6.29440000
0.4800 0.8000 7.98240000
0.4800 1.0000 9.67040000
0.5000 -1.0000 -7.25000000
0.5000 -0.8000 -5.55000000
0.5000 -0.6000 -3.85000000
0.5000 -0.4000 -2.15000000
0.5000 -0.2000 -0.45000000
0.5000 0.0000 1.25000000
0.5000 0.2000 2.95000000
0.5000 0.4000 4.65000000
0.5000 0.6000 6.35000000
0.5000 0.8000 8.05000000
0.5000 1.0000 9.75000000
0.5200 -1.0000 -7.28960000
0.5200 -0.8000 -5.57760000
0.5200 -0.6000 -3.86560000
0.5200 -0.4000 -2.15360000
0.5200 -0.2000 -0.44160000
0.5200 0.0000 1.27040000
0.5200 0.2000 2.98240000
0.5200 0.4000 4.69440000
0.5200 0.6000 6.40640000
0.5200 0.8000 8.11840000
0.5200 1.0000 9.83040000
0.5400 -1.0000 -7.32840000
0.5400 -0.8000 -5.60440000
0.5400 -0.6000 -3.88040000
0.5400 -0.4000 -2.15640000
0.5400 -0.2000 -0.43240000
0.5400 0.0000 1.29160000
0.5400 0.2000 3.01560000
0.5400 0.4000 4.73960000
0.5400 0.6000 6.46360000
0.5400 0.8000 8.18760000
0.5400 1.0000 9.91160000
0.5600 -1.0000 -7.36640000
0.5600 -0.8000 -5.63040000
0.5600 -0.6000 -3.89440000
0.5600 -0.4000 -2.15840000
0.5600 -0.2000 -0.42240000
0.5600 0.0000 1.31360000
0.5600 0.2000 3.04960000
0.5600 0.4000 4.78560000
0.5600 0.6000 6.52160000
0.5600 0.8000 8.25760000
0.5600 1.0000 9.99360000
0.5800 -1.0000 -7.40360000
0.5800 -0.8000 -5.65560000
0.5800 -0.6000 -3.90760000
0.5800 -0.4000 -2.15960000
0.5800 -0.2000 -0.41160000
0.5800 0.0000 1.33640000
0.5800 0.2000 3.08440000
0.5800 0.4000 4.83240000
0.5800 0.6000 6.58040000
0.5800 0.8000 8.32840000
0.5800 1.0000 10.07640000
0.6000 -1.0000 -7.44000000
0.6000 -0.8000 -5.68000000
0.6000 -0.6000 -3.92000000
0.6000 -0.4000 -2.16000000
0.6000 -0.2000 -0.40000000
0.6000 0.0000 1.36000000
0.6000 0.2000 3.12000000
0.6000 0.4000 4.88000000
0.6000 0.6000 6.64000000
0.6000 0.8000 8.40000000
0.6000 1.0000 10.16000000
0.6200 -1.0000 -7.47560000
0.6200 -0.8000 -5.70360000
0.6200 -0.6000 -3.93160000
0.6200 -0.4000 -2.15960000
0.6200 -0.2000 -0.38760000
0.6200 0.0000 1.38440000
0.6200 0.2000 3.15640000
0.6200 0.4000 4.92840000
0.6200 0.6000 6.70040000
0.6200 0.8000 8.47240000
0.6200 1.0000 10.24440000
0.6400 -1.0000 -7.51040000
0.6400 -0.8000 -5.72640000
0.6400 -0.6000 -3.94240000
0.6400 -0.4000 -2.15840000
0.6400 -0.2000 -0.37440000
0.6400 0.0000 1.40960000
0.6400 0.2000 3.19360000
0.6400 0.4000 4.97760000
0.6400 0.6000 6.76160000
0.6400 0.8000 8.54560000
0.6400 1.0000 10.32960000
0.6600 -1.0000 -7.54440000
0.6600 -0.8000 -5.74840000
0.6600 -0.6000 -3.95240000
0.6600 -0.4000 -2.15640000
0.6600 -0.2000 -0.36040000
0.6600 0.0000 1.43560000
0.6600 0.2000 3.23160000
0.6600 0.4000 5.02760000
0.6600 0.6000 6.82360000
0.6600 0.8000 8.61960000
0.6600 1.0000 10.41560000
0.6800 -1.0000 -7.57760000
0.6800 -0.8000 -5.76960000
0.6800 -0.6000 -3.96160000
0.6800 -0.4000 -2.15360000
0.6800 -0.2000 -0.34560000
0.6800 0.0000 1.46240000
0.6800 0.2000 3.27040000
0.6800 0.4000 5.07840000
0.6800 0.6000 6.88640000
0.6800 0.8000 8.69440000
0.6800 1.0000 10.50240000
0.7000 -1.0000 -7.61000000
0.7000 -0.8000 -5.79000000
0.7000 -0.6000 -3.97000000
0.7000 -0.4000 -2.15000000
0.7000 -0.2000 -0.33000000
0.7000 0.0000 1.49000000
0.7000 0.2000 3.31000000
0.7000 0.4000 5.13000000
0.7000 0.6000 6.95000000
0.7000 0.8000 8.77000000
0.7000 1.0000 10.59000000
0.7200 -1.0000 -7.64160000
0.7200 -0.8000 -5.80960000
0.7200 -0.6000 -3.97760000
0.7200 -0.4000 -2.14560000
0.7200 -0.2000 -0.31360000
0.7200 0.0000 1.51840000
0.7200 0.2000 3.35040000
0.7200 0.4000 5.18240000
0.7200 0.6000 7.01440000
0.7200 0.8000 8.84640000
0.7200 1.0000 10.67840000
0.7400 -1.0000 -7.67240000
0.7400 -0.8000 -5.82840000
0.7400 -0.6000 -3.98440000
0.7400 -0.4000 -2.14040000
0.7400 -0.2000 -0.29640000
0.7400 0.0000 1.54760000
0.7400 0.2000 3.39160000
0.7400 0.4000 5.23560000
0.7400 0.6000 7.07960000
0.7400 0.8000 8.92360000
0.7400 1.0000 10.76760000
0.7600 -1.0000 -7.70240000
0.7600 -0.8000 -5.84640000
0.7600 -0.6000 -3.99040000
0.7600 -0.4000 -2.13440000
0.7600 -0.2000 -0.27840000
0.7600 0.0000 1.57760000
0.7600 0.2000 3.43360000
0.7600 0.4000 5.28960000
0.7600 0.6000 7.14560000
0.7600 0.8000 9.00160000
0.7600 1.0000 10.85760000
0.7800 -1.0000 -7.73160000
0.7800 -0.8000 -5.86360000
0.7800 -0.6000 -3.99560000
0.7800 -0.4000 -2.12760000
0.7800 -0.2000 -0.25960000
0.7800 0.0000 1.60840000
0.7800 0.2000 3.47640000
0.7800 0.4000 5.34440000
0.7800 0.6000 7.21240000
0.7800 0.8000 9.08040000
0.7800 1.0000 10.94840000
0.8000 -1.0000 -7.76000000
0.8000 -0.8000 -5.88000000
0.8000 -0.6000 -4.00000000
0.8000 -0.4000 -2.12000000
0.8000 -0.2000 -0.24000000
0.8000 0.0000 1.64000000
0.8000 0.2000 3.52000000
0.8000 0.4000 5.40000000
0.8000 0.6000 7.28000000
0.8000 0.8000 9.16000000
0.8000 1.0000 11.04000000
0.8200 -1.0000 -7.78760000
0.8200 -0.8000 -5.89560000
0.8200 -0.6000 -4.00360000
0.8200 -0.4000 -2.11160000
0.8200 -0.2000 -0.21960000
0.8200 0.0000 1.67240000
0.8200 0.2000 3.56440000
0.8200 0.4000 5.45640000
0.8200 0.6000 7.34840000
0.8200 0.8000 9.24040000
0.8200 1.0000 11.13240000
0.8400 -1.0000 -7.81440000
0.8400 -0.8000 -5.91040000
0.8400 -0.6000 -4.00640000
0.8400 -0.4000 -2.10240000
0.8400 -0.2000 -0.19840000
0.8400 0.0000 1.70560000
0.8400 0.2000 3.60960000
0.8400 0.4000 5.51360000
0.8400 0.6000 7.41760000
0.8400 0.8000 9.32160000
0.8400 1.0000 11.22560000
0.8600 -1.0000 -7.84040000
0.8600 -0.8000 -5.92440000
0.8600 -0.6000 -4.00840000
0.8600 -0.4000 -2.09240000
0.8600 -0.2000 -0.17640000
0.8600 0.0000 1.73960000
0.8600 0.2000 3.65560000
0.8600 0.4000 5.57160000
0.8600 0.6000 7.48760000
0.8600 0.8000 9.40360000
0.8600 1.0000 11.31960000
0.8800 -1.0000 -7.86560000
0.8800 -0.8000 -5.93760000
0.8800 -0.6000 -4.00960000
0.8800 -0.4000 -2.08160000
0.8800 -0.2000 -0.15360000
0.8800 0.0000 1.77440000
0.8800 0.2000 3.70240000
0.8800 0.4000 5.63040000
0.8800 0.6000 7.55840000
0.8800 0.8000 9.48640000
0.8800 1.0000 11.41440000
0.9000 -1.0000 -7.89000000
0.9000 -0.8000 -5.95000000
0.9000 -0.6000 -4.01000000
0.9000 -0.4000 -2.07000000
0.9000 -0.2000 -0.13000000
0.9000 0.0000 1.81000000
0.9000 0.2000 3.75000000
0.9000 0.4000 5.69000000
0.9000 0.6000 7.63000000
0.9000 0.8000 9.57000000
0.9000 1.0000 11.51000000
0.9200 -1.0000 -7.91360000
0.9200 -0.8000 -5.96160000
0.9200 -0.6000 -4.00960000
0.9200 -0.4000 -2.05760000
0.9200 -0.2000 -0.10560000
0.9200 0.0000 1.84640000
0.9200 0.2000 3.79840000
0.9200 0.4000 5.75040000
0.9200 0.6000 7.70240000
0.9200 0.8000 9.65440000
0.9200 1.0000 11.60640000
0.9400 -1.0000 -7.93640000
0.9400 -0.8000 -5.97240000
0.9400 -0.6000 -4.00840000
0.9400 -0.4000 -2.04440000
0.9400 -0.2000 -0.08040000
0.9400 0.0000 1.88360000
0.9400 0.2000 3.84760000
0.9400 0.4000 5.81160000
0.9400 0.6000 7.77560000
0.9400 0.8000 9.73960000
0.9400 1.0000 11.70360000
0.9600 -1.0000 -7.95840000
0.9600 -0.8000 -5.98240000
0.9600 -0.6000 -4.00640000
0.9600 -0.4000 -2.03040000
0.9600 -0.2000 -0.05440000
0.9600 0.0000 1.92160000
0.9600 0.2000 3.89760000
0.9600 0.4000 5.87360000
0.9600 0.6000 7.84960000
0.9600 0.8000 9.82560000
0.9600 1.0000 11.80160000
0.9800 -1.0000 -7.97960000
0.9800 -0.8000 -5.99160000
0.9800 -0.6000 -4.00360000
0.9800 -0.4000 -2.01560000
0.9800 -0.2000 -0.02760000
0.9800 0.0000 1.96040000
0.9800 0.2000 3.94840000
0.9800 0.4000 5.93640000
0.9800 0.6000 7.92440000
0.9800 0.8000 9.91240000
0.9800 1.0000 11.90040000
1.0000 -1.0000 -8.00000000
1.0000 -0.8000 -6.00000000
1.0000 -0.6000 -4.00000000
1.0000 -0.4000 -2.00000000
1.0000 -0.2000 0E-8
1.0000 0.0000 2.00000000
1.0000 0.2000 4.00000000
1.0000 0.4000 6.00000000
1.0000 0.6000 8.00000000
1.0000 0.8000 10.00000000
1.0000 1.0000 12.00000000
